2.000000 1.000000
2.013425 1.112863
2.026867 1.225599
2.040342 1.338085
2.053865 1.450182
2.067454 1.561769
2.081124 1.672718
2.094893 1.782906
2.108776 1.892195
2.122789 2.000463
2.136949 2.107582
2.151273 2.213429
2.165775 2.317867
2.180474 2.420774
2.195385 2.522020
2.210524 2.621480
2.225909 2.719030
2.241555 2.814532
2.257478 2.907864
2.273695 2.998898
2.290222 3.087512
2.307076 3.173568
2.324272 3.256943
2.341828 3.337509
2.359758 3.415140
2.378082 3.489711
2.396813 3.561086
2.415968 3.629143
2.435564 3.693753
2.455618 3.754791
2.476144 3.812125
2.497160 3.865629
2.518682 3.915176
2.540728 3.960639
2.563311 4.001888
2.586450 4.038797
2.610159 4.071238
2.634456 4.099084
2.659359 4.122207
2.684880 4.140478
2.711039 4.153771
2.737850 4.161957
2.765332 4.164910
2.793498 4.162501
2.822366 4.154603
2.851952 4.141088
2.882273 4.121829
2.913346 4.096697
2.945185 4.065565
2.977808 4.028307
3.011230 3.984818
3.045451 3.935374
3.080438 3.880228
3.116159 3.819551
3.152583 3.753516
3.189677 3.682293
3.227407 3.606061
3.265740 3.524991
3.304645 3.439254
3.344088 3.349025
3.384039 3.254471
3.424462 3.155775
3.465325 3.053106
3.506597 2.946635
3.548246 2.836532
3.590236 2.722979
3.632536 2.606145
3.675114 2.486202
3.717938 2.363318
3.760973 2.237677
3.804187 2.109447
3.847548 1.978801
3.891024 1.845911
3.934583 1.710944
3.978189 1.574086
4.021811 1.435504
4.065417 1.295371
4.108976 1.153853
4.152452 1.011137
4.195813 0.867388
4.239027 0.722781
4.282062 0.577487
4.324886 0.431673
4.367464 0.285526
4.409764 0.139213
4.451754 -0.007095
4.493403 -0.153230
4.534675 -0.299007
4.575538 -0.444258
4.615961 -0.588810
4.655912 -0.732499
4.695355 -0.875136
4.734260 -1.016556
4.772593 -1.156585
4.810323 -1.295051
4.847417 -1.431788
4.883841 -1.566608
4.919562 -1.699345
4.954549 -1.829827
4.988770 -1.957887
5.022192 -2.096755
5.054815 -2.239637
5.086654 -2.379869
5.117727 -2.517516
5.148048 -2.652618
5.177634 -2.785236
5.206502 -2.915427
5.234668 -3.043246
5.262150 -3.168753
5.288961 -3.291992
5.315120 -3.413024
5.340641 -3.531904
5.365544 -3.648693
5.389841 -3.763434
5.413550 -3.876190
5.436689 -3.987014
5.459272 -4.095963
5.481318 -4.203096
5.502840 -4.308458
5.523856 -4.412109
5.544382 -4.514105
5.564436 -4.614507
5.584032 -4.713358
5.603187 -4.810719
5.621918 -4.906646
5.640242 -5.001198
5.658172 -5.094422
5.675728 -5.186376
5.692924 -5.277117
5.709778 -5.366698
5.726305 -5.455181
5.742522 -5.542611
5.758445 -5.629048
5.774091 -5.714546
5.789476 -5.799167
5.804615 -5.882955
5.819526 -5.965972
5.834225 -6.048269
5.848727 -6.129906
5.863051 -6.210939
5.877211 -6.291417
5.891224 -6.371398
5.905107 -6.450938
5.918876 -6.530096
5.932546 -6.608918
5.946135 -6.687465
5.959658 -6.765791
5.973133 -6.843955
5.986575 -6.922005
6.000000 -7.000000
