150
0.000000
0.020134
0.040268
0.060403
0.080537
0.100671
0.120805
0.140940
0.161074
0.181208
0.201342
0.221477
0.241611
0.261745
0.281879
0.302013
0.322148
0.342282
0.362416
0.382550
0.402685
0.422819
0.442953
0.463087
0.483221
0.503356
0.523490
0.543624
0.563758
0.583893
0.604027
0.624161
0.644295
0.664430
0.684564
0.704698
0.724832
0.744966
0.765101
0.785235
0.805369
0.825503
0.845638
0.865772
0.885906
0.906040
0.926174
0.946309
0.966443
0.986577
1.006711
1.026846
1.046980
1.067114
1.087248
1.107383
1.127517
1.147651
1.167785
1.187919
1.208054
1.228188
1.248322
1.268456
1.288591
1.308725
1.328859
1.348993
1.369128
1.389262
1.409396
1.429530
1.449664
1.469799
1.489933
1.510067
1.530201
1.550336
1.570470
1.590604
1.610738
1.630872
1.651007
1.671141
1.691275
1.711409
1.731544
1.751678
1.771812
1.791946
1.812081
1.832215
1.852349
1.872483
1.892617
1.912752
1.932886
1.953020
1.973154
1.993289
2.013423
2.033557
2.053691
2.073826
2.093960
2.114094
2.134228
2.154362
2.174497
2.194631
2.214765
2.234899
2.255034
2.275168
2.295302
2.315436
2.335570
2.355705
2.375839
2.395973
2.416107
2.436242
2.456376
2.476510
2.496644
2.516779
2.536913
2.557047
2.577181
2.597315
2.617450
2.637584
2.657718
2.677852
2.697987
2.718121
2.738255
2.758389
2.778523
2.798658
2.818792
2.838926
2.859060
2.879195
2.899329
2.919463
2.939597
2.959732
2.979866
3.000000
