8.000000 10.000000
7.842807 9.917815
7.685966 9.835643
7.529837 9.753506
7.374768 9.671415
7.221121 9.589391
7.069244 9.507444
6.919498 9.425597
6.772231 9.343859
6.627805 9.262253
6.486566 9.180788
6.348877 9.099487
6.215089 9.018363
6.085552 8.937429
5.960629 8.856706
5.840668 8.776207
5.726028 8.695950
5.617060 8.615949
5.514123 8.536222
5.417566 8.456784
5.327750 8.377652
5.245023 8.298840
5.169746 8.220368
5.102269 8.142249
5.042948 8.064498
4.992138 7.987134
4.950045 7.910145
4.916518 7.833463
4.891351 7.757005
4.874339 7.680693
4.865275 7.604443
4.863953 7.528180
4.870167 7.451817
4.883711 7.375280
4.904381 7.298484
4.931968 7.221353
4.966268 7.143803
5.007075 7.065753
5.054182 6.987127
5.107385 6.907839
5.166475 6.827814
5.231250 6.746968
5.301500 6.665223
5.377023 6.582496
5.457609 6.498710
5.543056 6.413781
5.633154 6.327632
5.727699 6.240181
5.826488 6.151346
5.929310 6.061051
6.035961 5.969212
6.146041 5.875901
6.258875 5.781397
6.373750 5.686012
6.489966 5.590045
6.606811 5.493808
6.723584 5.397601
6.839574 5.301733
6.954077 5.206509
7.066390 5.112230
7.175802 5.019208
7.281610 4.927742
7.383104 4.838143
7.479583 4.750711
7.570335 4.665758
7.654660 4.583582
7.731846 4.504495
7.801190 4.428797
7.861985 4.356798
7.913524 4.288801
7.955103 4.225110
7.986014 4.166034
8.005552 4.111874
8.013009 4.062940
8.007680 4.019534
7.988888 3.981933
7.956618 3.949718
7.911524 3.921779
7.854284 3.896973
7.785579 3.874162
7.706088 3.852201
7.616494 3.829952
7.517475 3.806272
7.409709 3.780020
7.293881 3.750056
7.170665 3.715237
7.040748 3.674424
6.904803 3.626473
6.763517 3.570245
6.617564 3.504597
6.467630 3.428391
6.314388 3.340481
6.158526 3.239732
6.000720 3.124999
5.841646 2.995138
5.681993 2.849014
5.522433 2.685479
5.363652 2.503400
5.206325 2.301627
5.051138 2.079028
4.898728 1.834621
4.749323 1.569423
4.602867 1.285699
4.459310 0.985766
4.318594 0.671915
4.180661 0.346439
4.045461 0.011655
3.912933 -0.330154
3.783028 -0.676669
3.655685 -1.025608
3.530854 -1.374653
3.408474 -1.721520
3.288497 -2.063893
3.170860 -2.399487
3.055514 -2.725985
2.942402 -3.041096
2.831464 -3.342526
2.722652 -3.627960
2.615905 -3.895112
2.511172 -4.141667
2.408394 -4.365339
2.307520 -4.563814
2.208490 -4.734802
2.111254 -4.875995
2.015751 -4.985099
1.921930 -5.060165
1.829722 -5.101626
1.739064 -5.110877
1.649887 -5.089322
1.562122 -5.038357
1.475704 -4.959386
1.390563 -4.853806
1.306636 -4.723022
1.223851 -4.568429
1.142145 -4.391433
1.061447 -4.193427
0.981692 -3.975820
0.902811 -3.740003
0.824740 -3.487388
0.747409 -3.219369
0.670749 -2.937339
0.594696 -2.642714
0.519180 -2.336877
0.444138 -2.021246
0.369497 -1.697204
0.295194 -1.366169
0.221159 -1.029524
0.147328 -0.688686
0.073629 -0.345039
-0.000000 -0.000000
