150
0.000000
0.040268
0.080537
0.120805
0.161074
0.201342
0.241611
0.281879
0.322148
0.362416
0.402685
0.442953
0.483221
0.523490
0.563758
0.604027
0.644295
0.684564
0.724832
0.765101
0.805369
0.845638
0.885906
0.926174
0.966443
1.006711
1.046980
1.087248
1.127517
1.167785
1.208054
1.248322
1.288591
1.328859
1.369128
1.409396
1.449664
1.489933
1.530201
1.570470
1.610738
1.651007
1.691275
1.731544
1.771812
1.812081
1.852349
1.892617
1.932886
1.973154
2.013423
2.053691
2.093960
2.134228
2.174497
2.214765
2.255034
2.295302
2.335570
2.375839
2.416107
2.456376
2.496644
2.536913
2.577181
2.617450
2.657718
2.697987
2.738255
2.778523
2.818792
2.859060
2.899329
2.939597
2.979866
3.020134
3.060403
3.100671
3.140940
3.181208
3.221477
3.261745
3.302013
3.342282
3.382550
3.422819
3.463087
3.503356
3.543624
3.583893
3.624161
3.664430
3.704698
3.744966
3.785235
3.825503
3.865772
3.906040
3.946309
3.986577
4.026846
4.067114
4.107383
4.147651
4.187919
4.228188
4.268456
4.308725
4.348993
4.389262
4.429530
4.469799
4.510067
4.550336
4.590604
4.630872
4.671141
4.711409
4.751678
4.791946
4.832215
4.872483
4.912752
4.953020
4.993289
5.033557
5.073826
5.114094
5.154362
5.194631
5.234899
5.275168
5.315436
5.355705
5.395973
5.436242
5.476510
5.516779
5.557047
5.597315
5.637584
5.677852
5.718121
5.758389
5.798658
5.838926
5.879195
5.919463
5.959732
6.000000
